0
0
0
0
0
0
0
0
0
0
0
0
0
0
0
0
0
0
0
0
0
0
0
0
0
0
0
0
0
0
0
0
0
0
0
0
0
0
0
0
0
0
0
0
0
0
0
0
0
0
0
0
0
0
0
0
0
0
0
0
0
0
0
0
0
0
0
0
0
0
0
0
0
0
0
0
0
0
0
0
0
0
0
0
0
0
0
0
0
0
0
0
0
0
0
0
0
0
0
0
-1
-1
-1
-1
-1
-1
0
0
0
0
0
-1
-1
-1
-1
-1
0
0
0
0
0
-1
-1
-1
-1
-1
0
0
0
0
0
-1
-1
-1
-1
-1
0
0
0
0
0
-1
-1
-1
-1
-1
0
0
0
0
0
0
0
0
0
0
-1
-1
-1
-1
-1
0
0
0
0
0
-1
-1
-1
-1
-1
0
0
0
0
0
-1
-1
-1
-1
-1
0
0
0
0
0
-1
-1
-1
-1
-1
0
0
0
0
0
-1
-1
-1
-1
-1
-5
-11
-17
-24
-32
-30
-10
22
59
77
68
33
-28
-96
-141
-130
-59
52
171
252
239
115
-85
-297
-426
-394
-190
139
487
701
655
309
-236
-785
-1100
-1007
-460
400
1260
1753
1566
636
-805
-2260
-3079
-2661
-674
2775
7120
11421
14629
15857
14610
10976
5590
-508
-6166
-10365
-12449
-12240
-10035
-6488
-2431
1300
4023
5332
5097
3480
902
-2046
-4709
-6502
-7047
-6295
-4539
-2360
-496
401
-21
-1638
-3899
-5920
-6770
-5773
-2818
1609
6494
10592
12811
12525
9760
5216
0
-4713
-8044
-9631
-9653
-8672
-7357
-6198
-5307
-4424
-3081
-878
2278
6073
9814
12630
13794
13009
10533
7140
3896
1788
1484
3051
5974
9295
11964
13126
12357
9774
5966
1802
-1877
-4443
-5636
-5564
-4602
-3250
-1962
-1047
-599
-589
-915
-1498
-2301
-3342
-4643
-6185
-7834
-9348
-10427
-10769
-10203
-8713
-6496
-3890
-1324
794
2174
2694
2453
1669
678
-219
-795
-970
-785
-380
65
406
537
457
224
-48
-254
-339
-296
-160
9
146
206
184
96
-11
-95
-131
-115
-57
12
63
79
68
35
-3
-33
-47
-37
-13
12
25
32
26
17
3
-6
-9
-6
0
0
