0 
0 
0 
0 
0 
0 
0 
0 
0 
0 
0 
0 
0 
0 
0 
0 
0 
0 
0 
0 
0 
0 
0 
0 
0 
0 
0 
0 
0 
0 
0 
0 
0 
0 
0 
0 
0 
0 
0 
0 
0 
0 
0 
0 
0 
0 
0 
0 
0 
0 
0 
0 
0 
0 
0 
0 
0 
0 
0 
0 
0 
0 
0 
0 
0 
0 
0 
0 
0 
0 
0 
0 
0 
0 
0 
0 
0 
0 
0 
0 
0 
0 
0 
0 
0 
0 
0 
0 
0 
0 
0 
0 
0 
0 
0 
0 
0 
0 
0 
0 
2 
3 
0 
0 
0 
0 
0 
0 
0 
0 
0 
0 
0 
0 
0 
0 
0 
0 
0 
0 
0 
0 
0 
0 
0 
0 
0 
0 
0 
0 
0 
0 
0 
0 
0 
0 
0 
0 
0 
0 
0 
0 
0 
0 
0 
0 
0 
0 
0 
0 
0 
0 
0 
0 
0 
0 
0 
0 
0 
0 
0 
0 
0 
0 
0 
0 
0 
0 
0 
0 
0 
0 
0 
0 
0 
0 
0 
0 
0 
0 
0 
0 
0 
0 
0 
0 
0 
0 
0 
0 
0 
0 
0 
0 
0 
0 
0 
0 
0 
0 
0 
27076 
-4537 
16749 
31882 
32082 
-12748 
-23380 
-8899 
-26834 
18352 
-22675 
-16610 
15941 
15580 
-20765 
-18262 
30821 
14464 
-26184 
-13392 
32349 
6814 
-28597 
-5302 
2307 
-22607 
18918 
-16280 
-11155 
3361 
8732 
28639 
-23915 
-12970 
-26833 
19764 
-23200 
11298 
29386 
27077 
16962 
12328 
-19267 
-23302 
-8172 
12672 
-4753 
-5202 
-19262 
2982 
-15064 
-22403 
31069 
-5803 
-14443 
-1789 
8634 
19707 
12865 
29711 
-19756 
25490 
15137 
172 
8187 
-25159 
-11282 
30065 
21517 
22398 
11527 
14070 
-28237 
16744 
7739 
-6781 
-16480 
27496 
-19048 
-7171 
-12375 
15167 
-10107 
-13202 
13140 
-10027 
27286 
-16764 
-14771 
-19670 
23117 
-31985 
11661 
-26250 
89 
-3467 
-24713 
3289 
-29636 
32413 
0 
0 
0 
0 
0 
0 
0 
0 
0 
0 
0 
0 
0 
0 
0 
0 
0 
0 
0 
0 
0 
0 
0 
0 
0 
0 
0 
0 
0 
0 
0 
0 
0 
0 
0 
0 
0 
0 
0 
0 
0 
0 
0 
0 
0 
0 
0 
0 
0 
0 
0 
0 
0 
0 
0 
0 
0 
0 
0 
0 
0 
0 
0 
0 
0 
0 
0 
0 
0 
0 
0 
0 
0 
0 
0 
0 
0 
0 
0 
0 
0 
0 
0 
0 
0 
0 
0 
0 
0 
0 
0 
0 
0 
0 
0 
0 
0 
0 
0 
0 
