0
-2
-6
-13
-17
-16
-5
13
33
45
39
11
-32
-76
-98
-81
-20
69
153
190
151
30
-137
-286
-343
-261
-40
252
500
582
423
41
-444
-838
-949
-666
-32
751
1373
1529
1054
16
-1267
-2306
-2605
-1855
-73
2350
4754
6409
6768
5666
3396
627
-1821
-3254
-3340
-2211
-405
1350
2405
2427
1500
68
-1262
-1966
-1810
-925
272
1260
1640
1294
418
-579
-1257
-1340
-825
29
825
1209
1027
384
-412
-992
-1098
-694
24
716
1065
914
340
-388
-930
-1039
-665
16
688
1040
910
358
-359
-912
-1047
-701
-34
649
1033
943
420
-296
-876
-1055
-749
-100
595
1017
971
480
-231
-837
-1059
-795
-166
538
996
996
538
-166
-795
-1059
-837
-231
480
971
1017
595
-100
-749
-1055
-876
-296
420
943
1033
649
-34
-701
-1047
-912
-359
358
911
1046
700
33
-650
-1034
-944
-421
295
875
1054
748
99
-596
-1018
-972
-481
230
836
1058
794
165
-539
-997
-997
-539
165
794
1058
836
230
-481
-972
-1018
-596
99
748
1054
875
295
-421
-944
-1034
-650
33
700
1046
911
358
-359
-912
-1047
-701
-34
649
1033
943
420
-296
-876
-1055
-749
-100
595
1017
971
480
-231
-837
-1059
-795
-166
538
996
996
538
-166
-795
-1059
-837
-231
480
971
1017
595
-100
-749
-1055
-876
-296
420
943
1033
649
-34
-701
-1047
-912
-359
358
911
1046
700
33
-650
-1034
-944
-421
295
875
1054
748
99
-596
-1018
-972
-481
230
836
1058
794
165
-539
-997
-997
-539
165
794
1058
836
230
-481
-972
-1018
-596
99
748
1054
875
295
-421
-944
-1034
-650
33
700
1046
911
358
-359
-912
-1047
-701
-34
649
1033
943
420
-296
-876
-1055
-749
-100
595
1017
971
480
-231
-837
-1059
-795
-166
538
996
996
538
-166
-795
-1059
-837
-231
480
971
1017
595
-100
-749
-1055
-876
-296
420
943
1033
649
-34
-701
-1047
-912
-359
358
911
1046
700
33
-650
-1034
-944
-421
295
875
1054
748
99
-596
-1018
-972
-481
230
836
1058
794
165
-539
-997
-997
-539
165
794
1058
836
230
-481
-972
-1018
-596
99
748
1054
875
295
-421
-944
-1034
-650
33
700
1046
911
358
-359
-912
-1047
-701
-34
649
1033
943
420
-296
-876
-1055
-749
-100
595
1017
971
480
-231
-837
-1059
-795
-166
538
996
996
538
-166
-795
-1059
-837
-231
480
971
1017
595
-100
-749
-1055
-876
-296
420
943
1033
649
-34
-701
-1047
-912
-359
358
911
1046
700
33
-650
-1034
-944
-421
295
875
1054
748
99
-596
-1018
-972
-481
230
836
1058
794
165
-539
-997
-997
-539
165
794
1058
836
230
-481
-972
-1018
-596
99
748
1054
875
295
-421
-944
-1034
-650
33
700
1046
911
358
-359
-912
-1047
-701
-34
649
1033
943
420
-296
-876
-1055
-749
-100
595
1017
971
480
-231
-837
-1059
-795
-166
538
996
996
538
-166
-795
-1059
-837
-231
480
971
1017
595
-100
-749
-1055
-876
-296
420
943
1033
649
-34
-701
-1047
-912
-359
358
911
1046
700
33
-650
-1034
-944
-421
295
875
1054
748
99
-596
-1018
-972
-481
230
836
1058
794
165
-539
-997
-997
-539
165
794
1058
836
230
-481
-972
-1018
-596
99
748
1054
875
295
-421
-944
-1034
-650
33
700
1046
911
358
-359
-912
-1047
-701
-34
649
1033
943
420
-296
-876
-1055
-749
-100
595
1017
971
480
-231
-837
-1059
-795
-166
538
996
996
538
-166
-795
-1059
-837
-231
480
971
1017
595
-100
-749
-1055
-876
-296
420
943
1033
649
-34
-701
-1047
-912
-359
358
911
1046
700
33
-650
-1034
-944
-421
295
875
1054
748
99
-596
-1018
-972
-481
230
836
1058
794
165
-539
-997
-997
-539
165
794
1058
836
230
-481
-972
-1018
-596
99
748
1054
875
295
-421
-944
-1034
-650
33
700
1046
911
358
-359
-912
-1047
-701
-34
649
1033
943
420
-296
-876
-1055
-749
-100
595
1017
971
480
-231
-837
-1059
-795
-166
538
996
996
538
-166
-795
-1059
-837
-231
480
971
1017
595
-100
-749
-1055
-876
-296
420
943
1033
649
-34
-701
-1047
-912
-359
358
911
1046
700
33
-650
-1034
-944
-421
295
875
1054
748
99
-596
-1018
-972
-481
230
836
1058
794
165
-539
-997
-997
-539
165
794
1058
836
230
-481
-972
-1018
-596
99
748
1054
875
295
-421
-944
-1034
-650
33
700
1046
911
358
-359
-912
-1047
-701
-34
649
1033
943
420
-296
-876
-1055
-749
-100
595
1017
971
480
-231
-837
-1059
-795
-166
538
996
996
538
-166
-795
-1059
-837
-231
480
971
1017
595
-100
-749
-1055
-876
-296
420
943
1033
649
-34
-701
-1047
-912
-359
358
911
1046
700
33
-650
-1034
-944
-421
295
875
1054
748
99
-596
-1018
-972
-481
230
836
1058
794
165
-539
-997
-997
-539
165
794
1058
836
230
-481
-972
-1018
-596
99
748
1054
875
295
-421
-944
-1034
-650
33
700
1046
911
358
-359
-912
-1047
-701
-34
649
1033
943
420
-296
-876
-1055
-749
-100
595
1017
971
480
-231
-837
-1059
-795
-166
538
996
996
538
-166
-795
-1059
-837
-231
480
971
1017
595
-100
-749
-1055
-876
-296
420
943
1033
649
-34
-701
-1047
-912
-359
358
911
1046
700
33
-650
-1034
-944
-421
295
875
1054
748
99
-596
-1018
-972
-481
230
836
1058
794
165
-539
-997
-997
-539
165
794
1058
836
230
-481
-972
-1018
-596
99
748
1054
875
295
-421
-944
-1034
-650
33
700
1046
911
358
-359
-911
-1041
-689
-17
664
1038
929
387
-341
-915
-1066
-717
-25
693
1097
991
411
-385
-1028
-1210
-826
-30
824
1339
1256
578
-419
-1295
-1641
-1261
-273
924
1809
1965
1261
-69
-1501
-2428
-2406
-1351
404
2210
3339
3253
1820
-628
-3397
-5667
-6769
-6410
-4755
-2351
72
1854
2604
2305
1266
-17
-1055
-1530
-1374
-752
31
665
948
837
443
-42
-424
-583
-501
-253
39
260
342
285
136
-31
-152
-191
-154
-70
19
80
97
75
31
-12
-40
-46
-34
-14
4
15
16
12
5
1
