0
-2
-6
-12
-18
-19
-12
4
25
44
50
35
-1
-50
-94
-110
-83
-10
90
179
216
167
32
-154
-321
-393
-313
-78
247
543
674
546
155
-389
-888
-1117
-919
-285
609
1438
1832
1522
477
-1031
-2463
-3172
-2626
-634
2510
6050
8949
10204
9193
5937
1165
-3853
-7666
-9109
-7700
-3837
1283
6021
8823
8735
5744
807
-4446
-8250
-9301
-7210
-2650
2849
7419
9486
8319
4292
-1235
-6370
-9342
-9111
-5740
-374
5141
8902
9601
6986
1949
-3774
-8204
-9807
-8022
-3459
2305
7280
9741
8835
4872
-779
-6166
-9423
-9423
-6164
-774
4884
8853
9759
7291
2301
-3485
-8066
-9857
-8240
-3773
1999
7079
9711
8984
5151
-465
-5919
-9327
-9509
-6403
-1082
4612
8712
9798
7496
2601
-3194
-7884
-9848
-8406
-4057
1695
6860
9653
9107
5412
-155
-5669
-9222
-9586
-6635
-1390
4336
8562
9827
7693
2898
-2899
-7694
-9828
-8563
-4337
1389
6634
9585
9221
5668
154
-5413
-9108
-9654
-6861
-1696
4056
8405
9847
7883
3193
-2602
-7497
-9799
-8713
-4613
1081
6402
9508
9326
5918
464
-5152
-8985
-9712
-7080
-2000
3772
8239
9856
8065
3484
-2302
-7292
-9760
-8854
-4885
773
6163
9422
9422
6163
773
-4885
-8854
-9760
-7292
-2302
3484
8065
9856
8239
3772
-2000
-7080
-9712
-8985
-5152
464
5918
9326
9508
6402
1081
-4613
-8713
-9799
-7497
-2602
3193
7883
9847
8405
4056
-1696
-6861
-9654
-9108
-5413
154
5668
9221
9585
6634
1389
-4337
-8563
-9828
-7694
-2899
2898
7693
9827
8562
4336
-1390
-6635
-9586
-9222
-5669
-155
5412
9107
9653
6860
1695
-4057
-8406
-9848
-7884
-3194
2601
7496
9798
8712
4612
-1082
-6403
-9509
-9327
-5919
-465
5151
8984
9711
7079
1999
-3773
-8240
-9857
-8066
-3485
2301
7291
9759
8853
4884
-774
-6164
-9423
-9423
-6164
-774
4884
8853
9759
7291
2301
-3485
-8066
-9857
-8240
-3773
1999
7079
9711
8984
5151
-465
-5919
-9327
-9509
-6403
-1082
4612
8712
9798
7496
2601
-3194
-7884
-9848
-8406
-4057
1695
6860
9653
9107
5412
-155
-5669
-9222
-9586
-6635
-1390
4336
8562
9827
7693
2898
-2899
-7694
-9828
-8563
-4337
1389
6634
9585
9221
5668
154
-5413
-9108
-9654
-6861
-1696
4056
8405
9847
7883
3193
-2602
-7497
-9799
-8713
-4613
1081
6402
9508
9326
5918
464
-5152
-8985
-9712
-7080
-2000
3772
8239
9856
8065
3484
-2302
-7292
-9760
-8854
-4885
773
6163
9422
9422
6163
773
-4885
-8854
-9760
-7292
-2302
3484
8065
9856
8239
3772
-2000
-7080
-9712
-8985
-5152
464
5918
9326
9508
6402
1081
-4613
-8713
-9799
-7497
-2602
3193
7883
9847
8405
4056
-1696
-6861
-9654
-9108
-5413
154
5668
9221
9585
6634
1389
-4337
-8563
-9828
-7694
-2899
2898
7693
9827
8562
4336
-1390
-6635
-9586
-9222
-5669
-155
5412
9107
9653
6860
1695
-4057
-8406
-9848
-7884
-3194
2601
7496
9798
8712
4612
-1082
-6403
-9509
-9327
-5919
-465
5151
8984
9711
7079
1999
-3773
-8240
-9857
-8066
-3485
2301
7291
9759
8853
4884
-774
-6164
-9423
-9423
-6164
-774
4884
8853
9759
7291
2301
-3485
-8066
-9857
-8240
-3773
1999
7079
9711
8984
5151
-465
-5919
-9327
-9509
-6403
-1082
4612
8712
9798
7496
2601
-3194
-7884
-9848
-8406
-4057
1695
6860
9653
9107
5412
-155
-5669
-9222
-9586
-6635
-1390
4336
8562
9827
7693
2898
-2899
-7694
-9828
-8563
-4337
1389
6634
9585
9221
5668
154
-5413
-9108
-9654
-6861
-1696
4056
8405
9847
7883
3193
-2602
-7497
-9799
-8713
-4613
1081
6402
9508
9326
5918
464
-5152
-8985
-9712
-7080
-2000
3772
8239
9856
8065
3484
-2302
-7292
-9760
-8854
-4885
773
6163
9422
9422
6163
773
-4885
-8854
-9760
-7292
-2302
3484
8065
9856
8239
3772
-2000
-7080
-9712
-8985
-5152
464
5918
9326
9508
6402
1081
-4613
-8713
-9799
-7497
-2602
3193
7883
9847
8405
4056
-1696
-6861
-9654
-9108
-5413
154
5668
9221
9585
6634
1389
-4337
-8563
-9828
-7694
-2899
2898
7693
9827
8562
4336
-1390
-6635
-9586
-9222
-5669
-155
5412
9107
9653
6860
1695
-4057
-8406
-9848
-7884
-3194
2601
7496
9798
8712
4612
-1082
-6403
-9509
-9327
-5919
-465
5151
8984
9711
7079
1999
-3773
-8240
-9857
-8066
-3485
2301
7291
9759
8853
4884
-774
-6164
-9423
-9423
-6164
-774
4884
8853
9759
7291
2301
-3485
-8066
-9857
-8240
-3773
1999
7079
9711
8984
5151
-465
-5919
-9327
-9509
-6403
-1082
4612
8712
9798
7496
2601
-3194
-7884
-9848
-8406
-4057
1695
6860
9653
9107
5412
-155
-5669
-9222
-9586
-6635
-1390
4336
8562
9827
7693
2898
-2899
-7694
-9828
-8563
-4337
1389
6634
9585
9221
5668
154
-5413
-9108
-9654
-6861
-1696
4056
8405
9847
7883
3193
-2602
-7497
-9799
-8713
-4613
1081
6402
9508
9326
5918
464
-5152
-8985
-9712
-7080
-2000
3772
8239
9856
8065
3484
-2302
-7292
-9760
-8854
-4885
773
6163
9422
9422
6163
773
-4885
-8854
-9760
-7292
-2302
3484
8065
9856
8239
3772
-2000
-7080
-9712
-8985
-5152
464
5918
9326
9508
6402
1081
-4613
-8713
-9799
-7497
-2602
3193
7883
9847
8405
4056
-1696
-6861
-9654
-9108
-5413
154
5668
9221
9585
6634
1389
-4337
-8563
-9828
-7694
-2899
2898
7693
9827
8562
4336
-1390
-6635
-9586
-9222
-5669
-155
5412
9107
9653
6860
1695
-4057
-8406
-9848
-7884
-3194
2601
7496
9798
8712
4612
-1082
-6403
-9509
-9327
-5919
-465
5151
8984
9711
7079
1999
-3773
-8240
-9857
-8066
-3485
2301
7291
9759
8853
4884
-774
-6164
-9423
-9423
-6164
-774
4884
8853
9759
7291
2301
-3485
-8066
-9857
-8240
-3773
1999
7079
9711
8984
5151
-465
-5919
-9327
-9509
-6403
-1082
4612
8712
9798
7496
2601
-3194
-7884
-9848
-8406
-4057
1695
6860
9653
9107
5412
-155
-5669
-9222
-9586
-6635
-1390
4336
8562
9827
7693
2898
-2899
-7694
-9828
-8563
-4337
1389
6634
9585
9221
5668
154
-5413
-9108
-9654
-6861
-1696
4056
8405
9847
7883
3193
-2602
-7497
-9799
-8713
-4613
1081
6402
9508
9326
5918
464
-5152
-8985
-9712
-7080
-2000
3772
8239
9856
8065
3484
-2302
-7292
-9760
-8854
-4885
773
6163
9422
9422
6165
778
-4873
-8836
-9742
-7281
-2306
3458
8021
9806
8203
3773
-1950
-6987
-9602
-8903
-5142
373
5739
9110
9341
6369
1234
-4293
-8320
-9487
-7420
-2850
2649
7209
9300
8249
4445
-808
-5745
-8736
-8824
-6022
-1284
3836
7699
9108
7665
3852
-1166
-5938
-9194
-10205
-8950
-6051
-2511
633
2625
3171
2462
1030
-478
-1523
-1833
-1439
-610
284
918
1116
887
388
-156
-547
-675
-544
-248
77
312
392
320
153
-33
-168
-217
-180
-91
9
82
109
93
49
0
-36
-51
-45
-26
-5
11
18
17
11
5
1
