0
-3
-7
-9
-5
3
9
11
8
4
-1
-11
-22
-25
-14
8
28
38
34
18
-8
-41
-66
-67
-35
20
74
104
97
50
-28
-111
-167
-161
-84
46
180
265
257
139
-65
-299
-474
-497
-310
88
632
1210
1696
1976
1980
1702
1210
625
84
-306
-491
-474
-306
-69
143
263
265
174
42
-80
-155
-167
-118
-32
54
104
104
67
16
-31
-60
-66
-47
-12
22
41
38
22
4
-10
-19
-22
-17
-5
8
14
11
3
-1
-1
-3
-7
-9
-4
3
6
0
-7
-4
3
6
0
-7
-4
3
6
0
-7
-4
3
6
0
-7
-4
3
6
0
-7
-4
3
6
0
-7
-4
3
6
0
-7
-4
3
6
0
-7
-4
3
6
0
-7
-4
3
6
0
-7
-4
3
6
0
-7
-4
3
6
0
-7
-4
3
6
0
-7
-4
3
6
0
-7
-4
3
6
0
-7
-4
3
6
0
-7
-4
3
6
0
-7
-4
3
6
0
-7
-4
3
6
0
-7
-4
3
6
0
-7
-4
3
6
0
-7
-4
3
6
0
-7
-4
3
6
0
-7
-4
3
6
0
-7
-4
3
6
0
-7
-4
3
6
0
-7
-4
3
6
0
-7
-4
3
6
0
-7
-4
3
6
0
-7
-4
3
6
0
-7
-4
3
6
0
-7
-4
3
6
0
-7
-4
3
6
0
-7
-4
3
6
0
-7
-4
3
6
0
-7
-4
3
6
0
-7
-4
3
6
0
-7
-4
3
6
0
-7
-4
3
6
0
-7
-4
3
6
0
-7
-4
3
6
0
-7
-4
3
6
0
-7
-4
3
6
0
-7
-4
3
6
0
-7
-4
3
6
0
-7
-4
3
6
0
-7
-4
3
6
0
-7
-4
3
6
0
-7
-4
3
6
0
-7
-4
3
6
0
-7
-4
3
6
0
-7
-4
3
6
0
-7
-4
3
6
0
-7
-4
3
6
0
-7
-4
3
6
0
-7
-4
3
6
0
-7
-4
3
6
0
-7
-4
3
6
0
-7
-4
3
6
0
-7
-4
3
6
0
-7
-4
3
6
0
-7
-4
3
6
0
-7
-4
3
6
0
-7
-4
3
6
0
-7
-4
3
6
0
-7
-4
3
6
0
-7
-4
3
6
0
-7
-4
3
6
0
-7
-4
3
6
0
-7
-4
3
6
0
-7
-4
3
6
0
-7
-4
3
6
0
-7
-4
3
6
0
-7
-4
3
6
0
-7
-4
3
6
0
-7
-4
3
6
0
-7
-4
3
6
0
-7
-4
3
6
0
-7
-4
3
6
0
-7
-4
3
6
0
-7
-4
3
6
0
-7
-4
3
6
0
-7
-4
3
6
0
-7
-4
3
6
0
-7
-4
3
6
0
-7
-4
3
6
0
-7
-4
3
6
0
-7
-4
3
6
0
-7
-4
3
6
0
-7
-4
3
6
0
-7
-4
3
6
0
-7
-4
3
6
0
-7
-4
3
6
0
-7
-4
3
6
0
-7
-4
3
6
0
-7
-4
3
6
0
-7
-4
3
6
0
-7
-4
3
6
0
-7
-4
3
6
0
-7
-4
3
6
0
-7
-4
3
6
0
-7
-4
3
6
0
-7
-4
3
6
0
-7
-4
3
6
0
-7
-4
3
6
0
-7
-4
3
6
0
-7
-4
3
6
0
-7
-4
3
6
0
-7
-4
3
6
0
-7
-4
3
6
0
-7
-4
3
6
0
-7
-4
3
6
0
-7
-4
3
6
0
-7
-4
3
6
0
-7
-4
3
6
0
-7
-4
3
6
0
-7
-4
3
6
0
-7
-4
3
6
0
-7
-4
3
6
0
-7
-4
3
6
0
-7
-4
3
6
0
-7
-4
3
6
0
-7
-4
3
6
0
-7
-4
3
6
0
-7
-4
3
6
0
-7
-4
3
6
0
-7
-4
3
6
0
-7
-4
3
6
0
-7
-4
3
6
0
-7
-4
3
6
0
-7
-4
3
6
0
-7
-4
3
6
0
-7
-4
3
6
0
-7
-4
3
6
0
-7
-4
3
6
0
-7
-4
3
6
0
-7
-4
3
6
0
-7
-4
3
6
0
-7
-4
3
6
0
-7
-4
3
6
0
-7
-4
3
6
0
-7
-4
3
6
0
-7
-4
3
6
0
-7
-4
3
6
0
-7
-4
3
6
0
-7
-4
3
6
0
-7
-4
3
6
0
-7
-4
3
6
0
-7
-4
3
6
0
-7
-4
3
6
0
-7
-4
3
6
0
-7
-4
3
6
0
-7
-4
3
6
0
-7
-4
3
6
0
-7
-4
3
6
0
-7
-4
3
6
0
-7
-4
3
6
0
-7
-4
3
6
0
-7
-4
3
6
0
-7
-4
3
6
0
-7
-4
3
6
0
-7
-4
3
6
0
-7
-4
3
6
0
-7
-4
3
6
0
-7
-4
3
6
0
-7
-4
3
6
0
-7
-4
3
6
0
-7
-4
3
6
0
-7
-4
3
6
0
-7
-4
3
6
0
-7
-4
3
6
0
-7
-4
3
6
0
-7
-4
3
6
0
-7
-4
3
6
0
-7
-4
3
6
0
-7
-4
3
6
0
-7
-4
3
6
0
-7
-4
3
6
0
-7
-4
3
6
0
-7
-4
3
6
0
-7
-4
3
8
6
2
0
0
-4
-12
-15
-9
4
16
21
18
9
-5
-23
-39
-42
-23
11
46
65
59
30
-17
-68
-105
-105
-55
31
117
166
154
79
-43
-175
-266
-264
-144
68
305
473
490
305
-85
-626
-1211
-1703
-1981
-1977
-1697
-1211
-633
-89
309
496
473
298
64
-140
-258
-266
-181
-47
83
160
166
110
27
-51
-98
-105
-75
-21
34
66
65
40
7
-19
-35
-39
-29
-9
13
24
21
10
0
-5
-9
-12
-10
-4
4
8
6
2
