0 
0 
0 
0 
0 
0 
0 
0 
0 
0 
0 
0 
0 
0 
0 
0 
0 
0 
0 
0 
0 
0 
0 
0 
0 
0 
0 
0 
0 
0 
0 
0 
0 
0 
0 
0 
0 
0 
0 
0 
0 
0 
0 
0 
0 
0 
0 
0 
0 
0 
0 
0 
0 
0 
0 
0 
0 
0 
0 
0 
0 
0 
0 
0 
0 
0 
0 
0 
0 
0 
0 
0 
0 
0 
0 
0 
0 
0 
0 
0 
0 
0 
0 
0 
0 
0 
0 
0 
0 
0 
0 
0 
0 
0 
0 
0 
0 
0 
0 
0 
2 
3 
0 
0 
0 
0 
0 
0 
0 
0 
0 
0 
0 
0 
0 
0 
0 
0 
0 
0 
0 
0 
0 
0 
0 
0 
0 
0 
0 
0 
0 
0 
0 
0 
0 
0 
0 
0 
0 
0 
0 
0 
0 
0 
0 
0 
0 
0 
0 
0 
0 
0 
0 
0 
0 
0 
0 
0 
0 
0 
0 
0 
0 
0 
0 
0 
0 
0 
0 
0 
0 
0 
0 
0 
0 
0 
0 
0 
0 
0 
0 
0 
0 
0 
0 
0 
0 
0 
0 
0 
0 
0 
0 
0 
0 
0 
0 
0 
0 
0 
0 
-9390 
-23668 
2233 
-12203 
28067 
-2274 
-16365 
481 
31085 
-3561 
-23428 
-28908 
19968 
6502 
-29138 
13918 
22419 
-29346 
-10800 
8781 
3035 
-32354 
30909 
-3044 
11737 
1096 
20057 
-13350 
17655 
-11249 
2669 
-28588 
21981 
9401 
-142 
25497 
-10405 
-32248 
-22731 
-32453 
5808 
-22644 
-25101 
-18305 
24477 
31061 
-1896 
-25178 
-16700 
297 
20941 
-23249 
-20862 
-15119 
28249 
-11712 
21794 
14666 
24762 
23886 
-18639 
-15767 
18020 
-28535 
-1807 
24456 
-2762 
-28867 
-5409 
-24354 
17197 
16876 
2307 
-20785 
-32053 
-22171 
-2946 
28870 
-8108 
-30180 
-2453 
-22091 
-24922 
-32705 
-25366 
-15643 
16288 
20244 
-16127 
7256 
3273 
-30355 
19590 
6786 
22553 
-2251 
-25132 
-24228 
27600 
20803 
0 
0 
0 
0 
0 
0 
0 
0 
0 
0 
0 
0 
0 
0 
0 
0 
0 
0 
0 
0 
0 
0 
0 
0 
0 
0 
0 
0 
0 
0 
0 
0 
0 
0 
0 
0 
0 
0 
0 
0 
0 
0 
0 
0 
0 
0 
0 
0 
0 
0 
0 
0 
0 
0 
0 
0 
0 
0 
0 
0 
0 
0 
0 
0 
0 
0 
0 
0 
0 
0 
0 
0 
0 
0 
0 
0 
0 
0 
0 
0 
0 
0 
0 
0 
0 
0 
0 
0 
0 
0 
0 
0 
0 
0 
0 
0 
0 
0 
0 
0 
